
489
617
521
515
615
491
585
551
496
622
503
547
594
489
615
527
515
620
498
585
567
503
630
517
550
612
504
620
546
526
637
513
594
588
513
646
536
561
636
523
637
575
548
664
542
616
626
545
678
573
587
672
553
662
605
571
692
570
631
652
563
689
588
589
682
560
660
613
566
688
567
618
650
554
679
584
578
672
551
642
607
555
675
559
602
642
544
663
576
565
668
547
633
609
548
673
561
598
604
554
610
574
568
614
562
598
592
567
625
589
602
626
585
626
598
589
626
582
608
605
581
625
587
595
620
581
620
598
587
628
586
611
615
588
634
601
605
634
598
635
616
607
644
606
627
633
608
648
619
621
645
613
639
625
613
642
612
624
628
605
632
608
606
625
597
615
604
592
616
591
600
603
584
607
588
587
602
582
596
588
579
598
578
585
587
577
591
579
579
586
574
582
574
571
574
564
566
556
552
540
537
553
550
564
566
557
569
555
562
565
547
564
554
554
561
546
563
560
547
561
543
550
550
531
547
534
528
533
511
524
522
513
527
514
518
524
511
531
529
537
552
536
558
559
550
571
550
558
563
533
550
537
530
542
515
532
535
514
540
515
522
531
493
523
499
479
492
449
468
452
420
450
429
430
443
413
434
421
419
449
417
442
453
427
464
443
452
472
439
473
467
453
484
452
475
483
452
487
460
451
474
446
480
469
450
486
449
471
488
454
492
468
471
498
457
491
481
454
493
461
484
499
455
491
474
475
505
462
499
498
470
515
477
482
498
459
505
485
477
499
460
499
502
469
513
474
494
515
473
518
488
478
516
473
511
511
475
516
475
495
516
470
514
485
474
516
472
506
511
473
523
493
506
527
480
524
511
495
536
488
522
528
485
536
493
493
521
471
515
503
481
527
483
516
528
480
531
501
505
536
488
530
522
492
533
493
515
526
485
525
502
499
522
483
511
507
483
520
496
514
530
494
529
514
509
540
501
536
535
502
526
468
414
366
438
363
418
426
387
479
414
426
471
377
442
388
426
391
426
423
419
446
419
433
438
421
447
436
437
448
429
441
439
429
441
434
437
444
435
443
444
440
446
445
445
450
446
450
456
452
456
457
455
464
459
461
469
461
467
468
464
477
467
468
479
466
480
475
468
488
470
477
487
471
492
479
477
497
475
492
490
476
504
481
487
502
478
504
489
484
510
484
500
502
486
514
493
498
515
492
516
503
499
524
501
515
517
503
528
509
512
528
509
527
518
512
534
513
524
527
514
537
519
520
534
516
533
526
519
536
520
528
530
519
536
522
523
537
521
535
530
522
540
525
531
536
524
540
528
528
539
523
533
529
521
538
522
526
532
519
535
523
522
534
520
530
526
519
533
520
524
529
518
530
521
520
529
519
526
523
520
528
521
522
525
521
527
522
523
527
522
528
524
522
530
523
527
529
525
531
526
526
531
527
530
527
524
531
525
526
528
523
530
523
524
526
521
523
522
521
525
522
523
522
520
523
519
520
524
519
523
520
520
526
520
523
522
520
525
519
521
523
518
523
520
522
525
519
523
522
520
526
520
524
523
520
525
520
523
522
517
521
518
521
522
514
522
516
520
526
514
525
521
516
526
515
522
524
511
526
516
518
525
509
522
517
511
524
503
517
521
506
526
516
519
528
511
527
524
515
527
509
511
509
488
487
464
450
464
467
481
496
497
503
509
504
510
508
505
511
503
504
499
493
484
438
452
437
447
464
457
474
480
488
498
469
480
469
444
449
416
407
398
362
380
361
356
368
342
378
385
373
415
388
412
426
389
430
410
412
442
404
441
439
414
456
423
445
460
421
465
444
443
470
432
465
465
436
478
446
463
480
438
485
468
462
390
514
416
422
475
396
483
453
438
521
435
480
495
437
531
462
467
530
455
527
498
471
552
474
513
536
476
558
494
492
556
479
539
512
477
556
474
501
501
374
330
355
342
320
326
331
326
331
343
340
348
355
346
373
359
356
384
353
378
375
354
390
356
364
384
356
389
370
367
401
371
398
400
382
422
395
403
427
396
428
412
405
439
408
427
431
411
445
421
426
447
419
446
433
424
455
426
441
448
429
461
435
437
460
431
457
446
434
465
436
448
457
431
465
440
439
466
435
460
452
438
472
441
452
464
436
470
446
441
472
438
462
455
439
475
442
452
468
439
470
450
444
472
439
461
458
438
474
443
449
469
438
468
449
442
472
439
459
459
438
473
444
448
469
438
468
451
441
475
440
458
463
441
476
449
450
472
442
469
455
444
478
444
460
468
443
479
452
451
477
445
471
461
447
481
449
462
472
446
480
455
453
480
447
471
465
448
480
451
460
470
447
474
454
451
473
446
465
459
446
470
449
456
461
446
463
450
450
460
448
458
453
449
460
449
455
455
451
459
452
455
455
452
459
456
462
471
470
477
473
479
485
480
487
480
485
488
477
491
486
490
502
487
503
501
495
508
493
502
503
491
511
496
498
506
488
503
497
489
503
492
500
503
488
502
494
494
503
487
498
497
489
504
492
501
502
486
495
319
390
447
119
457
328
312
524
143
364
315
79
405
135
281
388
70
391
233
178
413
80
354
353
109
435
173
296
419
90
419
280
203
456
121
280
286
264
288
255
271
291
263
306
294
281
310
284
298
308
284
309
310
305
321
303
314
314
301
320
311
318
329
313
333
331
329
346
332
345
349
337
356
348
351
361
345
360
359
353
370
356
368
373
357
376
367
370
381
365
383
381
373
390
377
387
394
378
397
389
390
401
385
399
398
387
404
391
398
405
388
405
399
399
411
396
408
409
398
414
403
410
419
402
419
415
412
425
409
422
424
412
430
417
423
431
413
430
425
420
433
418
428
432
418
435
426
429
438
422
437
434
428
442
429
439
444
429
445
438
438
446
432
445
443
436
449
436
444
449
434
450
443
443
452
437
450
450
440
456
443
451
457
440
457
450
449
461
444
457
458
445
461
448
454
461
444
461
455
453
465
446
461
463
449
467
452
459
468
449
469
461
456
471
452
468
470
452
473
457
464
474
449
470
463
456
472
454
465
468
451
470
457
463
473
453
471
465
456
472
446
459
403
203
524
261
429
565
262
586
418
369
597
264
525
516
275
591
329
454
568
244
561
417
336
587
257
509
525
262
590
343
447
586
256
576
463
347
490
452
465
473
445
472
460
455
474
443
465
463
442
466
445
452
462
441
464
457
452
468
449
464
468
454
477
468
474
486
469
485
482
477
489
480
486
491
479
492
488
486
493
482
490
492
483
493
486
489
494
484
496
493
491
499
489
497
501
493
504
498
500
507
496
505
504
500
506
500
504
507
498
506
502
501
507
499
504
507
501
506
504
504
509
503
509
508
505
511
504
510
512
506
512
507
509
514
504
512
509
506
513
504
512
511
503
513
505
510
515
502
513
509
508
516
505
515
515
506
518
509
513
519
505
518
513
511
519
507
514
516
506
517
509
512
517
504
516
512
509
517
507
514
516
507
516
509
512
519
505
517
513
509
518
506
514
516
504
518
508
512
519
503
516
512
507
519
505
515
517
502
520
508
512
520
502
518
513
506
520
504
515
519
502
521
508
511
521
502
520
515
506
523
505
518
523
502
525
511
514
527
503
524
518
505
529
504
521
527
498
528
509
513
530
498
523
514
495
559
190
328
351
79
292
255
256
274
253
265
264
248
285
265
288
302
273
309
298
297
316
292
314
319
308
332
320
327
340
326
345
345
340
354
343
354
361
348
367
358
363
375
359
379
377
372
389
375
387
393
376
397
388
392
405
385
409
404
396
421
397
417
425
399
431
412
419
437
408
439
432
419
450
420
443
455
433
465
452
450
468
163
414
290
160
135
112
131
154
120
160
131
87
95
75
89
91
87
101
105
110
122
129
139
155
159
169
181
174
183
186
183
205
193
196
211
199
220
216
212
243
223
237
249
228
262
243
241
273
243
271
268
249
294
260
271
293
256
295
271
261
299
255
283
281
253
303
261
269
298
254
296
273
261
307
259
287
291
259
311
273
278
314
266
309
289
273
324
275
300
311
275
328
288
290
330
280
323
306
286
341
289
311
329
287
345
305
303
349
295
338
325
300
362
307
327
353
303
364
325
317
373
314
356
349
317
383
327
345
378
322
386
348
337
402
333
383
381
338
414
351
327
393
275
389
325
294
412
288
357
371
284
419
313
324
413
290
401
348
306
433
308
370
396
303
434
333
333
433
310
411
369
316
450
324
374
416
313
444
351
341
449
322
415
386
326
460
340
380
436
325
452
368
351
462
337
424
403
340
468
354
386
449
337
455
381
358
470
344
425
420
345
476
366
388
463
347
459
392
363
481
355
427
437
353
482
377
389
472
354
460
405
367
487
364
426
448
359
488
385
387
482
361
461
416
370
495
374
426
460
362
491
395
388
490
367
461
428
372
500
381
423
473
367
492
406
392
497
372
462
441
374
506
387
423
483
373
490
415
392
506
378
460
453
377
511
397
421
496
376
491
424
393
513
385
456
464
383
512
404
418
505
383
491
433
395
518
392
454
476
387
516
413
416
512
387
490
443
397
526
401
454
489
393
522
425
418
520
395
490
457
401
533
410
454
503
395
524
436
420
528
402
492
471
403
537
418
455
514
402
523
444
422
536
408
492
484
407
541
428
450
525
406
521
453
423
541
413
488
495
411
543
434
447
532
410
519
459
423
548
419
484
504
411
544
440
442
538
412
516
468
421
551
425
478
512
414
546
445
440
543
416
513
478
422
553
431
475
522
417
544
453
441
549
419
512
489
424
558
438
472
536
421
542
464
441
554
425
509
500
423
559
443
467
542
421
537
468
437
556
427
501
506
422
557
443
458
544
422
533
473
436
562
433
497
520
429
561
456
458
556
429
534
485
436
567
439
495
530
430
562
462
458
560
432
532
494
437
570
448
491
540
432
562
470
456
568
437
527
506
439
572
453
488
550
434
558
477
455
571
440
525
516
440
573
458
482
557
436
551
483
451
572
439
514
522
433
570
458
470
556
432
542
481
444
568
439
504
524
428
563
456
459
556
432
536
486
442
570
444
498
535
434
566
467
462
566
437
537
501
444
577
451
496
544
436
563
473
459
569
438
531
508
438
573
453
489
549
436
558
479
456
572
440
524
518
442
575
460
484
561
439
556
488
457
575
447
520
529
442
577
466
479
567
442
553
492
455
579
450
514
535
443
576
469
471
568
442
545
498
451
581
453
506
545
440
573
476
468
572
445
540
508
450
582
458
503
552
441
570
481
465
573
445
537
517
447
582
463
496
562
442
567
490
466
580
450
533
531
450
584
471
492
570
448
566
496
464
587
455
530
540
453
586
475
486
574
451
559
502
461
588
