55
65
70
71
72
72
70
63
55
31
0
0
0
0
0
13
61
93
114
132
147
160
169
181
188
194
201
206
213
217
221
225
226
229
232
233
235
239
242
247
251
256
260
264
269
273
276
279
281
284
284
285
285
284
282
282
280
279
278
277
277
275
277
277
276
277
278
279
281
283
285
288
290
293
295
297
299
301
303
304
305
306
306
307
307
307
307
307
308
308
308
308
308
307
308
307
307
306
306
306
305
306
306
306
306
306
305
304
303
303
301
299
298
296
295
294
292
291
290
289
288
288
288
287
288
288
288
288
288
287
288
287
286
286
284
284
283
282
281
279
277
275
271
267
262
256
249
240
232
223
214
207
198
191
183
177
173
168
165
163
161
158
157
154
151
148
145
142
136
134
130
126
121
118
115
111
110
109
109
108
110
110
110
111
111
111
109
111
112
112
115
116
117
118
121
123
125
126
129
131
132
136
135
138
139
141
144
145
149
151
153
154
155
156
157
158
159
160
160
160
159
158
156
153
152
148
147
148
146
147
148
145
143
139
130
119
104
53
0
0
0
0
0
0
0
0
4
6
13
13
14
10
3
0
0
0
0
0
0
0
0
0
0
0
0
0
0
0
0
0
0
0
0
0
0
0
0
0
0
0
2
32
52
71
82
94
103
110
116
124
130
137
147
154
162
166
173
178
180
185
185
188
188
190
192
191
192
193
193
192
193
192
192
191
190
190
188
188
187
186
184
183
180
178
178
176
177
175
177
178
179
182
184
188
190
194
199
201
207
213
218
224
231
236
242
246
251
255
257
260
262
265
266
267
268
267
268
267
265
263
261
258
256
253
252
250
246
246
244
243
241
240
240
238
237
237
235
233
233
233
232
232
232
232
231
232
232
231
231
231
231
230
231
232
232
231
233
233
233
234
233
235
234
236
237
236
238
239
239
240
240
241
241
241
241
241
241
243
244
246
246
248
250
250
252
252
253
254
256
257
257
258
259
259
259
260
260
260
262
262
263
263
264
265
265
266
267
267
267
267
268
267
267
267
267
266
266
265
265
264
263
263
262
262
262
262
262
262
262
263
262
263
263
263
264
263
264
263
263
263
263
263
263
263
264
265
266
269
272
276
281
286
293
301
309
319
330
343
359
376
395
415
435
454
472
489
504
517
529
538
545
550
552
554
553
551
549
545
541
536
530
525
519
514
509
504
499
495
490
486
482
477
473
468
463
458
453
449
444
440
435
431
427
423
420
416
412
409
405
403
400
396
394
392
389
387
384
380
377
373
370
366
362
359
354
351
347
342
338
333
329
324
319
315
311
307
303
299
296
292
288
284
280
277
273
270
267
263
259
257
254
252
251
250
250
250
251
252
253
255
257
259
260
262
264
266
267
269
270
271
272
273
274
274
275
275
276
277
278
278
280
281
283
284
286
288
289
291
293
295
297
299
300
303
304
305
307
308
309
311
311
313
314
315
316
317
317
318
318
319
319
320
320
321
322
322
323
324
324
325
325
325
326
326
327
328
328
329
330
331
332
332
333
333
333
333
333
332
332
331
331
331
331
332
334
336
338
341
344
348
352
355
360
363
367
370
374
377
380
383
385
388
389
391
392
392
393
393
393
393
392
391
391
390
389
388
388
387
386
386
385
384
383
382
380
379
378
376
374
373
371
368
366
364
361
359
357
356
354
352
350
348
347
345
344
343
342
341
340
339
338
338
337
337
336
336
336
336
336
336
336
336
336
336
336
335
335
335
334
334
333
333
332
332
331
331
330
330
329
329
328
328
328
327
326
327
326
326
325
324
324
323
323
323
323
323
322
322
322
321
321
321
321
320
320
319
319
318
318
317
316
316
315
315
314
313
313
312
312
312
312
312
312
312
313
313
313
313
312
313
313
313
314
313
313
313
313
313
313
313
313
314
314
314
314
315
315
316
316
317
318
319
320
320
321
321
321
322
322
322
323
322
322
322
322
321
321
321
322
322
322
323
324
325
326
326
327
327
328
328
328
328
329
330
330
331
332
334
335
336
338
339
340
341
343
344
345
346
346
347
348
348
349
349
349
348
348
347
347
346
345
343
342
341
340
338
337
335
333
331
330
327
326
324
322
321
319
318
317
315
314
314
313
312
312
311
311
310
310
310
309
309
308
308
309
309
309
309
309
310
311
312
312
313
314
315
317
317
318
319
320
321
322
323
324
325
325
326
327
329
330
331
333
334
336
340
343
346
350
353
357
361
364
369
373
377
380
383
385
386
387
387
388
389
390
390
390
389
389
388
388
387
387
388
389
389
388
386
384
381
377
373
369
365
362
360
358
357
355
354
352
351
350
350
350
352
353
355
358
360
364
367
369
371
373
374
376
377
379
380
383
384
385
386
385
385
383
382
382
382
382
382
383
383
384
384
385
385
386
388
389
391
393
396
399
401
403
404
406
407
409
410
412
413
414
414
415
415
415
415
415
414
415
415
416
416
416
416
415
414
413
411
409
406
403
400
396
391
385
379
371
363
357
352
349
347
344
340
337
334
331
327
324
320
318
315
313
311
309
308
307
306
305
304
304
302
302
302
301
300
299
298
297
296
295
294
293
292
291
291
291
291
290
290
290
290
290
289
288
287
286
284
282
280
278
276
274
272
271
270
270
269
269
269
269
269
270
270
271
271
271
272
272
272
273
272
273
273
273
274
274
274
274
274
275
275
275
275
274
274
274
273
273
272
272
271
270
270
269
269
267
266
266
264
263
263
261
261
260
258
257
256
255
254
252
251
249
247
245
241
239
236
232
229
224
220
215
209
202
195
187
179
169
158
147
136
126
116
107
99
92
87
82
78
76
76
77
80
82
86
89
91
93
92
92
91
89
88
87
84
82
80
79
77
76
76
75
76
76
77
78
77
77
75
73
70
66
63
59
55
54
50
47
47
43
42
41
38
36
33
29
25
19
14
8
2
0
0
0
0
0
0
0
0
0
0
0
0
0
0
0
0
0
0
0
0
0
0
0
0
0
0
0
0
0
0
0
5
30
51
65
82
95
103
114
121
128
134
141
147
153
159
164
169
172
177
178
179
174
169
160
139
86
78
68
58
57
56
54
55
55
52
43
38
23
15
1
0
0
0
0
0
0
0
0
0
0
0
0
0
0
0
0
0
0
0
0
0
0
0
0
0
0
0
0
0
0
0
0
0
0
0
0
0
0
0
0
0
0
0
0
0
0
0
0
3
5
7
5
10
14
17
17
22
21
17
17
15
13
9
11
8
7
2
3
2
0
2
4
7
5
13
20
35
52
76
93
106
117
125
129
131
133
134
134
133
136
137
136
139
138
139
138
137
135
127
114
40
22
34
54
86
111
132
149
163
172
183
188
192
192
194
195
192
192
188
186
182
180
178
176
175
176
176
176
181
182
185
187
188
190
189
192
193
193
193
196
196
196
198
197
196
193
194
192
191
191
191
191
190
191
192
192
195
205
216
233
257
279
301
318
335
351
368
392
414
437
464
493
518
539
555
568
576
583
588
591
594
594
596
596
595
595
595
594
592
591
591
590
588
584
579
576
576
576
576
576
577
578
578
580
582
586
590
596
602
607
612
615
616
616
616
615
613
612
612
611
610
609
606
598
588
574
560
547
534
521
509
496
485
475
466
459
452
446
440
434
428
421
415
409
403
398
393
389
385
382
380
377
375
374
372
370
369
367
366
364
363
362
361
359
358
357
356
356
356
355
355
356
356
356
357
358
359
360
362
363
365
367
370
372
375
379
382
387
391
397
403
409
416
424
434
447
467
491
516
541
562
579
593
604
616
629
637
639
637
633
628
622
617
610
603
595
588
581
574
567
560
554
548
543
538
534
530
527
524
521
518
515
512
510
507
502
498
493
489
483
476
467
461
461
458
454
447
442
440
441
441
437
434
432
431
430
429
427
424
422
419
417
415
413
412
410
408
405
400
393
388
388
394
407
422
436
449
461
475
489
507
529
556
592
634
678
721
759
787
804
821
846
870
878
871
852
825
791
751
709
672
652
609
564
519
474
428
382
340
290
232
227
149
93
38
27
18
7
0
0
0
0
0
0
0
0
0
0
0
0
2
3
3
1
3
3
1
0
2
0
0
2
6
14
24
39
47
55
60
66
70
73
72
69
27
11
10
15
25
37
61
82
98
113
126
135
142
150
160
172
185
201
218
237
261
281
304
331
366
408
452
504
557
596
620
621
576
551
531
503
470
431
397
360
324
284
246
197
144
110
86
66
45
30
7
0
0
0
0
0
0
0
0
0
0
0
0
0
0
0
0
0
0
0
0
0
0
0
0
0
0
0
0
0
0
0
0
0
0
0
0
0
0
0
0
0
0
0
0
0
0
0
0
0
0
0
0
0
0
0
0
0
0
0
0
0
0
0
2
4
11
14
17
23
24
26
24
27
25
26
22
23
21
16
13
6
0
0
0
0
0
0
0
0
0
0
0
0
0
0
0
0
0
0
0
0
0
0
0
0
0
0
0
0
0
0
0
0
0
0
0
0
0
0
0
0
0
0
0
0
0
0
0
0
0
0
0
0
0
0
0
0
0
0
0
0
0
0
0
0
0
0
0
0
0
0
0
0
0
0
0
0
0
0
0
0
0
0
0
0
0
0
0
0
0
0
0
0
0
0
0
0
0
2
12
27
36
40
43
44
45
44
44
45
45
43
43
41
39
36
33
31
26
22
17
8
0
0
0
0
0
0
0
0
0
0
0
0
0
0
0
0
0
0
0
0
0
0
0
0
0
0
0
0
0
0
0
0
0
0
0
0
0
0
0
0
0
0
0
0
0
0
0
0
0
0
0
0
0
0
0
0
0
0
0
0
0
0
0
0
0
0
0
0
0
0
0
0
0
0
0
0
0
0
0
7
18
25
