419
546
419
459
505
395
519
427
410
516
385
472
451
381
513
393
422
486
366
479
403
373
489
357
433
436
353
488
376
390
475
349
460
399
360
488
357
421
446
353
486
380
382
474
350
453
407
361
489
363
414
450
349
475
380
378
463
391
445
438
398
484
419
440
479
396
494
456
439
513
439
487
486
411
556
445
480
517
466
527
505
496
559
511
551
570
542
610
573
581
628
582
633
618
604
662
612
637
654
613
664
622
617
655
605
640
626
601
644
596
605
620
574
615
584
575
616
573
603
604
577
622
584
591
617
581
625
615
617
675
655
698
723
716
775
755
769
808
778
818
803
788
822
773
776
776
738
775
741
734
761
716
736
713
680
708
659
667
682
648
687
658
645
672
619
628
597
541
537
460
423
406
342
347
296
256
263
198
201
190
157
195
161
168
197
168
207
198
192
238
210
234
250
232
280
263
272
313
291
330
332
330
379
357
381
402
382
425
409
412
449
423
453
453
441
482
455
468
488
461
498
479
473
510
479
507
515
503
556
541
567
616
621
695
719
754
838
856
931
981
981
1023
1007
994
996
926
910
848
789
786
705
659
609
526
525
469
445
465
420
442
435
422
471
450
472
502
487
539
537
546
597
577
615
626
611
653
622
625
644
607
628
601
578
600
555
564
563
536
570
541
537
558
514
526
498
466
479
429
426
424
394
431
403
402
442
414
439
436
418
449
415
419
427
389
408
377
360
379
340
353
345
323
357
329
336
356
328
359
345
340
371
343
359
362
342
374
349
349
369
339
364
352
339
371
340
353
361
336
369
346
343
370
342
364
358
344
378
351
362
376
353
385
367
364
394
366
391
390
375
412
389
400
422
400
433
424
423
458
436
459
469
456
497
480
494
537
527
568
562
553
584
545
549
545
508
524
488
472
472
444
444
430
413
421
401
399
396
375
381
363
350
356
326
330
316
297
312
290
291
296
280
298
289
290
312
299
316
319
312
337
326
334
347
331
350
342
337
355
336
346
347
335
353
336
332
340
321
330
318
305
313
292
293
288
270
274
253
240
230
205
193
173
161
158
152
150
142
141
137
131
129
116
118
113
105
111
102
107
110
98
112
105
106
113
101
114
110
102
115
103
114
120
105
124
116
117
126
95
71
0
0
0
0
0
219
0
318
41
123
347
0
359
165
29
407
0
284
261
169
181
153
152
146
132
133
141
143
145
166
168
172
171
164
171
170
164
155
139
143
144
140
148
148
152
163
163
169
169
164
169
157
162
157
145
146
127
115
105
79
62
39
20
2
0
0
0
0
0
0
0
0
0
0
0
0
0
1
0
0
15
0
7
9
0
20
0
3
22
0
27
3
19
69
27
71
57
41
93
56
98
115
77
131
106
122
153
110
157
150
127
174
132
166
184
142
196
173
178
212
169
213
211
188
237
199
219
230
184
239
221
217
254
210
248
248
210
249
171
197
216
191
240
229
224
271
226
270
278
239
293
257
278
324
302
454
519
559
502
587
541
548
593
513
576
550
519
585
496
491
484
445
369
359
321
315
319
235
225
216
195
215
235
257
339
388
450
532
622
699
759
786
792
820
824
841
869
866
887
874
862
877
856
862
865
852
882
867
866
890
874
899
894
885
922
898
909
923
897
930
908
912
947
927
1003
1023
1023
1023
1023
1023
1023
1023
1023
997
920
867
803
797
785
733
756
716
714
752
718
757
760
765
824
781
772
766
738
753
729
713
729
704
722
723
712
741
721
725
740
715
735
720
709
732
704
716
714
694
723
705
708
724
695
720
706
692
742
694
725
745
711
775
740
742
789
738
784
764
736
795
732
751
773
722
783
732
724
776
706
747
705
625
701
584
598
632
512
605
520
480
570
437
495
481
394
503
391
395
458
336
426
362
318
418
293
341
351
260
372
270
263
343
221
305
259
206
316
199
237
271
172
284
195
181
272
151
231
201
139
257
143
176
226
117
227
151
128
230
106
177
168
95
214
107
126
192
74
179
115
81
188
66
132
133
51
174
66
80
152
36
141
80
46
157
35
106
107
26
148
42
60
125
17
120
55
32
130
22
90
77
25
125
51
64
104
37
99
62
43
105
38
77
74
34
106
46
59
93
32
95
53
39
100
31
77
67
33
104
43
60
90
31
97
54
43
104
36
84
74
39
119
35
78
99
24
134
48
55
134
21
113
79
29
153
36
82
123
26
150
60
53
152
33
126
91
40
161
48
95
131
36
161
69
64
160
41
138
96
50
172
56
107
139
47
170
79
77
169
51
145
103
57
178
62
112
144
49
173
80
75
172
54
150
112
64
188
72
120
155
62
186
96
93
188
72
168
132
86
211
99
149
189
97
221
134
128
227
111
201
175
121
247
136
174
225
121
237
159
138
242
121
200
191
124
249
142
165
233
120
229
165
135
249
126
195
205
123
251
149
159
242
124
226
173
133
253
133
187
212
120
243
147
164
231
171
226
203
156
207
131
149
175
114
182
141
160
240
133
218
190
169
235
179
189
223
165
226
194
178
239
178
213
218
177
244
192
194
241
156
254
195
167
276
162
224
238
156
278
181
187
273
159
253
209
166
283
171
217
252
161
279
192
184
280
162
249
224
169
286
178
216
264
168
277
204
192
283
175
249
238
180
293
195
221
281
181
282
221
197
302
190
254
265
191
308
214
223
301
194
288
242
205
317
208
260
289
204
321
233
229
320
208
296
266
216
329
225
262
302
216
318
247
235
329
223
295
285
229
336
240
262
321
225
320
262
239
337
232
296
297
234
344
257
274
335
249
324
285
267
355
263
312
325
263
357
286
295
351
283
333
317
284
354
290
309
337
279
342
299
285
340
275
314
307
267
332
276
285
322
263
320
288
268
330
266
300
307
265
330
280
281
327
267
318
294
271
338
274
303
320
271
339
290
286
340
276
326
311
281
351
291
310
340
282
347
303
293
348
286
327
321
285
355
297
309
349
287
348
314
297
362
296
333
338
295
366
314
319
366
306
362
336
313
375
312
340
354
301
368
315
308
356
286
332
312
283
347
285
304
327
275
337
293
285
342
277
322
312
276
347
285
301
333
275
335
295
279
337
270
307
307
263
333
276
282
327
262
320
290
267
332
265
297
309
261
329
278
275
326
262
313
292
267
338
273
298
323
266
335
288
279
337
271
318
307
274
347
286
305
340
281
350
311
298
365
298
344
345
305
380
322
332
375
314
375
344
326
391
325
361
373
323
394
341
341
392
329
381
359
334
402
340
364
384
334
400
354
349
404
342
390
379
348
420
359
377
409
350
415
377
366
427
363
405
401
364
434
376
387
427
366
426
395
375
441
375
411
421
373
441
385
383
430
365
417
394
368
434
372
397
416
366
433
385
379
435
372
419
405
375
443
383
402
431
374
439
397
386
449
382
427
424
385
459
400
413
452
391
451
419
399
463
396
433
438
390
461
405
407
455
390
445
419
394
461
395
421
437
387
452
403
398
449
383
430
410
379
446
381
399
427
369
433
390
380
437
371
414
406
368
437
376
389
426
365
426
392
377
443
379
419
426
381
451
394
396
440
372
424
392
364
428
361
390
409
360
433
386
386
443
382
434
416
384
451
384
401
422
361
424
373
361
418
349
395
386
349
422
361
378
416
