
0
9
9
9
10
12
13
14
16
17
18
19
19
18
17
15
14
13
12
11
11
10
9
9
8
8
8
8
7
7
7
8
7
83
87
85
87
81
86
85
87
85
85
77
82
79
81
80
74
72
69
68
62
58
57
55
53
56
56
53
54
50
45
50
54
51
49
50
49
48
52
54
52
50
51
52
54
54
50
53
58
58
68
72
77
77
78
77
86
87
86
89
86
81
82
84
79
75
74
71
68
69
67
73
74
73
70
69
73
71
74
76
76
80
82
80
84
85
91
93
94
94
93
96
95
97
96
93
91
88
90
88
83
80
78
78
76
68
70
66
67
59
55
52
54
47
42
41
37
34
33
33
30
34
31
28
25
23
21
23
30
28
26
23
24
24
22
28
25
24
24
23
21
20
23
24
24
22
19
22
23
24
23
23
22
21
20
20
22
24
25
23
21
21
19
18
19
19
18
24
24
22
23
21
25
26
27
27
29
32
30
30
32
32
29
26
24
23
21
24
24
26
24
22
23
21
23
25
29
28
28
28
31
36
36
34
32
35
33
31
37
37
39
37
37
36
32
31
32
33
31
29
28
27
28
30
30
28
26
26
27
29
34
32
30
29
26
27
25
28
30
40
52
62
70
70
86
91
93
95
95
94
94
96
100
98
95
92
91
88
84
91
88
81
80
77
74
74
77
75
72
70
68
64
60
62
63
60
57
55
52
49
49
46
45
44
44
45
46
43
44
41
40
43
41
42
42
42
38
41
41
39
38
38
37
35
36
36
38
36
35
37
35
31
31
32
32
31
32
35
35
38
37
35
36
40
44
43
48
56
52
52
69
76
96
135
160
220
262
339
358
374
408
431
409
417
398
404
391
371
354
345
328
305
293
280
261
241
226
205
195
186
170
164
152
138
125
116
104
96
88
81
77
92
97
91
114
130
203
224
254
288
298
293
299
284
270
248
220
204
184
172
155
135
118
101
88
76
69
71
81
99
127
155
177
195
209
221
240
260
282
299
312
321
326
330
332
335
336
337
336
333
328
322
315
310
313
314
314
312
309
303
295
287
278
269
261
251
243
234
225
216
207
200
192
184
177
169
159
148
137
127
118
111
105
99
93
88
83
76
69
63
59
54
50
45
41
37
35
33
31
30
27
25
24
23
20
18
17
16
15
13
13
12
12
11
11
11
12
13
13
13
14
15
15
15
15
17
19
19
20
21
21
19
18
16
16
14
13
14
13
12
11
12
11
11
11
12
12
12
14
15
16
16
16
15
15
14
16
16
16
17
16
18
18
18
20
20
19
18
18
18
17
18
17
17
16
16
15
14
12
11
11
11
10
10
10
9
9
9
9
10
10
11
12
12
13
12
13
14
14
14
14
14
13
13
14
13
14
15
15
16
15
15
15
15
13
13
12
12
10
10
10
10
9
9
10
13
14
15
16
16
16
15
15
15
15
15
14
14
15
16
17
17
18
18
17
19
18
17
16
16
16
15
15
15
14
15
15
17
18
18
18
19
20
21
21
23
22
22
22
22
23
23
24
25
26
26
25
24
23
22
21
21
20
18
18
17
15
15
15
14
14
13
13
12
12
10
13
12
13
12
11
11
10
10
10
11
10
10
10
9
10
9
10
10
10
9
9
10
10
9
9
8
9
8
8
8
8
8
8
7
7
7
7
7
8
8
8
9
9
9
9
9
10
10
10
9
9
9
8
8
9
9
9
9
9
8
9
8
9
10
9
10
14
16
19
22
22
24
25
25
26
27
27
26
26
25
26
26
27
25
25
23
22
23
22
20
21
22
21
21
22
22
21
21
21
21
21
22
22
21
20
21
20
21
20
20
22
22
22
21
20
20
21
21
21
22
22
22
24
25
24
25
25
25
23
22
22
23
22
22
21
20
21
22
23
21
22
24
28
30
29
29
28
29
30
30
29
27
26
24
27
26
28
31
30
27
26
26
25
23
24
26
26
24
23
24
23
23
22
21
21
22
21
23
23
25
26
27
28
29
29
28
30
32
32
32
31
30
34
32
31
31
32
34
34
40
42
43
42
38
34
31
34
36
39
36
32
31
33
29
31
31
34
32
30
35
37
36
37
36
40
43
42
49
53
49
51
51
49
47
46
46
45
42
44
42
38
46
41
48
84
88
90
86
95
122
137
167
181
168
222
217
237
240
228
226
228
246
230
270
242
246
239
220
215
212
196
179
175
175
172
160
164
148
144
126
119
117
112
114
105
111
101
103
101
105
100
102
103
125
109
109
101
95
89
85
102
114
119
173
217
224
263
302
283
315
326
362
381
400
410
425
433
431
434
409
419
419
413
407
398
382
366
346
321
286
273
253
233
214
192
172
151
131
119
113
108
116
111
105
113
124
133
139
145
150
158
155
154
154
161
151
148
143
148
137
130
126
127
121
116
113
115
109
105
95
91
87
94
83
79
73
66
62
55
59
53
52
49
47
45
42
38
39
36
33
31
29
26
27
26
27
25
27
26
25
25
25
24
22
24
24
21
23
26
29
33
33
32
34
34
33
30
33
34
38
38
37
33
36
37
34
34
33
37
36
32
38
39
39
36
39
36
35
36
37
36
35
38
37
36
36
34
33
35
37
35
37
37
35
37
39
40
38
36
39
39
38
40
45
41
38
39
35
31
29
30
32
32
32
30
28
29
28
30
30
29
28
26
24
26
26
25
25
24
24
27
30
28
27
25
24
26
27
31
30
28
26
25
25
30
27
29
28
26
29
29
32
35
34
31
31
34
32
31
31
31
29
31
29
28
25
24
27
26
25
25
27
29
27
26
25
24
26
25
28
28
31
29
27
25
25
26
32
30
28
26
24
22
22
26
25
24
23
21
21
23
30
36
37
37
38
42
53
53
51
49
50
48
45
50
51
49
49
45
48
50
50
50
51
49
47
49
48
47
44
45
42
43
40
40
41
38
40
42
43
51
51
48
47
44
48
47
48
50
49
45
43
44
44
45
45
43
40
39
39
44
48
43
39
36
34
31
34
38
37
34
31
29
29
32
29
32
32
31
28
29
26
28
28
30
29
27
29
31
34
36
39
43
46
45
42
44
45
42
44
43
44
41
40
36
35
40
41
39
38
39
38
37
40
39
37
39
37
34
32
29
27
24
23
22
20
20
21
26
31
33
37
38
40
43
46
50
50
54
55
55
55
56
54
54
52
51
48
45
41
39
39
35
31
29
30
28
27
26
28
27
28
36
38
34
35
33
34
34
34
34
36
37
38
37
35
36
36
37
37
36
35
34
34
35
37
35
33
32
33
31
31
30
29
28
25
23
26
25
23
20
20
18
19
18
17
19
25
27
39
53
67
74
77
78
78
78
78
78
76
77
67
60
56
50
46
43
45
40
38
33
31
30
30
29
31
32
30
32
32
34
37
41
40
43
43
43
43
45
45
45
46
46
49
51
53
57
60
60
59
55
52
47
43
39
36
32
31
29
28
25
23
23
25
24
22
26
24
24
22
24
22
21
20
19
18
24
27
24
21
20
19
17
17
17
17
16
17
20
25
26
28
28
29
30
29
30
33
33
38
43
47
51
54
52
57
60
60
57
54
57
62
64
65
66
67
62
61
64
64
64
61
63
61
59
57
57
56
53
59
60
57
53
47
42
38
34
34
47
45
42
38
34
30
31
29
25
22
22
24
25
23
22
23
25
26
25
28
38
33
33
34
35
37
37
38
40
39
44
47
44
43
43
47
45
40
41
41
37
35
36
33
31
28
27
28
28
28
32
31
29
28
34
32
31
30
26
24
22
24
29
30
27
25
24
21
21
24
25
23
21
19
19
27
28
27
23
21
19
18
17
19
21
21
25
29
31
34
36
37
40
44
48
50
54
64
74
84
93
99
105
108
109
109
110
110
113
110
109
104
107
99
101
101
96
92
89
88
87
84
84
82
76
72
73
78
71
65
61
61
59
52
49
50
49
45
40
36
33
36
615
652
652
652
578
514
463
412
386
357
338
325
322
319
312
330
338
346
350
344
349
356
358
350
345
340
338
327
314
306
293
286
280
270
261
256
240
234
226
218
208
200
184
179
174
169
162
153
140
140
126
126
119
112
111
106
102
99
96
92
95
89
84
77
71
75
70
62
60
57
57
59
59
58
53
56
55
53
50
47
45
44
40
42
41
41
42
40
43
41
37
35
39
36
35
33
30
29
28
28
28
27
25
28
27
31
30
27
28
28
25
28
31
30
28
30
28
29
29
28
27
30
32
34
34
33
31
31
31
29
27
28
26
29
28
25
25
26
30
34
32
29
26
27
24
22
26
24
22
23
22
21
20
23
28
25
23
23
24
27
28
29
32
31
29
28
28
29
28
30
29
29
30
31
35
34
33
30
27
27
30
30
28
27
26
25
25
25
25
26
27
25
29
33
31
29
31
29
28
26
25
32
38
44
52
59
61
67
66
70
70
69
76
84
88
91
92
88
95
96
95
93
88
89
88
81
81
77
69
62
59
54
52
54
48
52
51
54
72
87
93
102